5
2 2
638257902 423501440
5 3
662150856 657097937 727881607 143579542 727935911
10 10
635642984 696087721 819397072 703215139 141609866 852163075 815185084 705819750 57643102 339412163
50 25
82181428 788526157 269195264 887872391 141523532 949593977 850038896 198477400 945331404 922618836 94189639 17919160 793749177 313687119 954118036 926981472 6715294 948508795 999377431 773533050 470469775 25229155 577091246 949027205 770092410 13002483 896888182 335784791 703458921 846189896 551212929 229486708 427499917 824833591 906671149 778399912 351492725 895506991 104783887 253939750 641812724 475993240 54299520 625074908 308624416 987611588 400247773 118901661 182343711 707973264
50 2
230868137 179391204 540043418 134418745 675897107 188869844 429300117 650776679 71677755 610557679 55262102 918777327 332514385 650973254 166149511 609229008 540448891 788356109 860159696 269100784 554829812 851991963 49025568 761057109 176865810 484214408 951601698 847989561 644279408 8374894 732001865 485002086 792071315 738201889 344029268 128731568 46445111 886152359 901256189 910858820 223082495 517685089 967947570 759116551 814188866 907077409 117547032 776874260 581741813 461042952